0.000000000000000000e+00,0.000000000000000000e+00,0.000000000000000000e+00
8.000000000000000444e-01,0.000000000000000000e+00,0.000000000000000000e+00
1.600000000000000089e+00,0.000000000000000000e+00,0.000000000000000000e+00
2.400000000000000355e+00,5.000000000000000000e+00,1.071342916836091452e-04
3.200000000000000178e+00,5.000000000000000000e+00,2.642831638924416846e-02
4.000000000000000000e+00,5.000000000000000000e+00,3.771175744732321311e-01
4.800000000000000711e+00,5.000000000000000000e+00,1.713011420674082297e+00
5.600000000000000533e+00,5.000000000000000000e+00,4.250636161635046761e+00
6.400000000000000355e+00,5.000000000000000000e+00,7.367069050334960956e+00
7.200000000000000178e+00,5.000000000000000000e+00,1.021191254330244114e+01
8.000000000000000000e+00,5.000000000000000000e+00,1.230850933783818490e+01
8.800000000000000711e+00,5.000000000000000000e+00,1.362340839217304023e+01
9.600000000000001421e+00,5.000000000000000000e+00,1.435052490209792708e+01
1.040000000000000036e+01,5.000000000000000000e+00,1.471403088907809220e+01
1.120000000000000107e+01,5.000000000000000000e+00,1.488135102693928857e+01
1.200000000000000000e+01,5.000000000000000000e+00,1.495324227087658997e+01
1.280000000000000071e+01,5.000000000000000000e+00,1.498238275672583519e+01
1.360000000000000142e+01,5.000000000000000000e+00,1.499361903501882054e+01
1.440000000000000036e+01,5.000000000000000000e+00,1.499776805510234468e+01
1.520000000000000107e+01,5.000000000000000000e+00,1.499924311086644302e+01
1.600000000000000000e+01,5.000000000000000000e+00,1.499975031844902595e+01
1.680000000000000071e+01,5.000000000000000000e+00,1.499991964334436823e+01
1.760000000000000142e+01,5.000000000000000000e+00,1.499997468076662521e+01
1.840000000000000213e+01,5.000000000000000000e+00,1.499999224019850885e+01
1.920000000000000284e+01,5.000000000000000000e+00,1.499999766350835273e+01
2.000000000000000000e+01,5.000000000000000000e+00,1.499999929117047515e+01
2.080000000000000071e+01,5.000000000000000000e+00,1.499999976632071430e+01
2.160000000000000142e+01,5.000000000000000000e+00,1.499999999492881742e+01
2.240000000000000213e+01,5.000000000000000000e+00,1.500000001890961698e+01
2.320000000000000284e+01,5.000000000000000000e+00,1.499999998543432511e+01
2.400000000000000000e+01,5.000000000000000000e+00,1.500000000258529731e+01
2.480000000000000071e+01,5.000000000000000000e+00,1.499999997040377231e+01
2.560000000000000142e+01,5.000000000000000000e+00,1.500000001174615782e+01
2.640000000000000213e+01,5.000000000000000000e+00,1.499999997417673825e+01
2.720000000000000284e+01,5.000000000000000000e+00,1.500000000773275843e+01
2.800000000000000000e+01,5.000000000000000000e+00,1.500000001901825897e+01
2.880000000000000071e+01,5.000000000000000000e+00,1.499999999700489894e+01
2.960000000000000142e+01,5.000000000000000000e+00,1.499999994850014495e+01
3.040000000000000213e+01,5.000000000000000000e+00,1.499999999585721078e+01
3.120000000000000284e+01,5.000000000000000000e+00,1.500000001956779805e+01
3.200000000000000000e+01,5.000000000000000000e+00,1.499999998065592521e+01
3.280000000000000426e+01,5.000000000000000000e+00,1.500000001702116315e+01
3.360000000000000142e+01,5.000000000000000000e+00,1.499999998276511803e+01
3.439999999999999858e+01,5.000000000000000000e+00,1.500000001436658970e+01
3.520000000000000284e+01,5.000000000000000000e+00,1.499999999185604160e+01
3.600000000000000000e+01,5.000000000000000000e+00,1.499999995660567365e+01
3.680000000000000426e+01,5.000000000000000000e+00,1.499999999672095896e+01
3.760000000000000142e+01,5.000000000000000000e+00,1.500000002341658245e+01
3.840000000000000568e+01,5.000000000000000000e+00,1.499999998420123504e+01
3.920000000000000284e+01,5.000000000000000000e+00,1.500000002133119814e+01
4.000000000000000000e+01,5.000000000000000000e+00,1.499999998470053342e+01
